%YAML:1.0
---
K: !!opencv-matrix
   rows: 3
   cols: 3
   dt: d
   data: [ 1.5795876928634684e+03, 0., 8.3627162966428796e+02, 0.,
       1.5830193533455397e+03, 6.2557899882830350e+02, 0., 0., 1. ]
D: !!opencv-matrix
   rows: 1
   cols: 5
   dt: d
   data: [ 3.4081600984768240e-01, -2.7211314319393383e+00,
       -7.9375200012079541e-04, -3.9216647859579792e-04,
       5.2563961057629855e+00 ]
