%YAML:1.0
---
K: !!opencv-matrix
   rows: 3
   cols: 3
   dt: d
   data: [ 1.6012857203837741e+03, 0., 7.9098919605513333e+02, 0.,
       1.6030797387087944e+03, 6.1405241317235857e+02, 0., 0., 1. ]
D: !!opencv-matrix
   rows: 1
   cols: 5
   dt: d
   data: [ 3.5102873113304278e-01, -2.8394097728362233e+00,
       -1.3145654418172828e-04, -1.0065450461164774e-03,
       5.5684519287513714e+00 ]
