%YAML:1.0
---
K: !!opencv-matrix
   rows: 3
   cols: 3
   dt: d
   data: [ 1.6292914080974654e+03, 0., 8.0251134425845692e+02, 0.,
       1.6332197908204796e+03, 5.7068300377796072e+02, 0., 0., 1. ]
D: !!opencv-matrix
   rows: 1
   cols: 5
   dt: d
   data: [ 2.9949738018073663e-01, -2.4266320219998199e+00,
       5.1730995762065213e-04, -1.3244489398850153e-03,
       3.9893726117622532e+00 ]
