%YAML:1.0
---
K: !!opencv-matrix
   rows: 3
   cols: 3
   dt: d
   data: [ 1.5987392232635057e+03, 0., 8.1096816660227341e+02, 0.,
       1.5952278530785188e+03, 6.1928300165514258e+02, 0., 0., 1. ]
D: !!opencv-matrix
   rows: 1
   cols: 5
   dt: d
   data: [ 3.5549074701806532e-01, -2.9767997596980282e+00,
       -2.0901807903333457e-03, 7.3565357445112562e-04,
       5.9346707114702930e+00 ]
