%YAML:1.0
---
K: !!opencv-matrix
   rows: 3
   cols: 3
   dt: d
   data: [ 1.5873485324305082e+03, 0., 8.1584978140949295e+02, 0.,
       1.5847459332518722e+03, 5.8662541262151387e+02, 0., 0., 1. ]
D: !!opencv-matrix
   rows: 1
   cols: 5
   dt: d
   data: [ 3.8068197306104223e-01, -3.0821661099348820e+00,
       -5.9564181604359050e-04, -3.8513787107043298e-04,
       6.0743961893374401e+00 ]
