%YAML:1.0
---
K: !!opencv-matrix
   rows: 3
   cols: 3
   dt: d
   data: [ 5.2118235647316226e+02, 0., 2.9821466991019156e+02, 0.,
       5.2197509051126508e+02, 2.4318637845024290e+02, 0., 0., 1. ]
D: !!opencv-matrix
   rows: 1
   cols: 5
   dt: d
   data: [ 1.9209694558168292e-01, -3.6921525017975093e-01,
       2.5671909929804101e-03, 7.4598379511985123e-04,
       -4.9408272874083149e-02 ]
