%YAML:1.0
---
K: !!opencv-matrix
   rows: 3
   cols: 3
   dt: d
   data: [ 1.6685822002120358e+03, 0., 8.4137637635026101e+02, 0.,
       1.6682170093981383e+03, 6.1345744225747239e+02, 0., 0., 1. ]
D: !!opencv-matrix
   rows: 1
   cols: 5
   dt: d
   data: [ 2.8419132525008500e-01, -1.4436925304280102e+00,
       -7.1931864126386432e-04, -2.3938105263220311e-04,
       -2.5029342194658768e+00 ]
