%YAML:1.0
---
K: !!opencv-matrix
   rows: 3
   cols: 3
   dt: d
   data: [ 1.0473334750862114e+03, 0., 5.9975460759225791e+02, 0.,
       1.0470489626280987e+03, 3.6543271930279434e+02, 0., 0., 1. ]
D: !!opencv-matrix
   rows: 1
   cols: 5
   dt: d
   data: [ 2.0728014132871600e-01, -4.5652940398069491e-01,
       1.4268960990761080e-03, 2.2749153638164125e-03,
       9.3341139605028781e-02 ]
