%YAML:1.0
---
K: !!opencv-matrix
   rows: 3
   cols: 3
   dt: d
   data: [ 1.6652672855936246e+03, 0., 8.4614359789001298e+02, 0.,
       1.6631177492617339e+03, 6.1372858143459837e+02, 0., 0., 1. ]
D: !!opencv-matrix
   rows: 1
   cols: 5
   dt: d
   data: [ 2.4633804726309233e-01, 5.8424806963378019e-02,
       -1.7270984237441730e-03, 5.8028094399449528e-04,
       -1.1321655622741194e+01 ]
