%YAML:1.0
---
K: !!opencv-matrix
   rows: 3
   cols: 3
   dt: d
   data: [ 8.4919660432813737e+02, 0., 4.1858424383533043e+02, 0.,
       8.4765778299248825e+02, 3.0998716536128063e+02, 0., 0., 1. ]
D: !!opencv-matrix
   rows: 1
   cols: 5
   dt: d
   data: [ 4.3686414089848052e-01, -3.6550015666669995e+00,
       7.1456081236707827e-04, -1.7537239136831153e-03,
       7.7615242113897143e+00 ]
