%YAML:1.0
---
K: !!opencv-matrix
   rows: 3
   cols: 3
   dt: d
   data: [ 1.7401604286511731e+03, 0., 8.3285883187271270e+02, 0.,
       1.7373803812971728e+03, 6.0789541911116976e+02, 0., 0., 1. ]
D: !!opencv-matrix
   rows: 1
   cols: 5
   dt: d
   data: [ 4.1949717065174613e-01, -3.8528182675248308e+00,
       6.5752791265951652e-04, -1.0250056862613881e-03,
       8.2762549036191686e+00 ]
