%YAML:1.0
---
K: !!opencv-matrix
   rows: 3
   cols: 3
   dt: d
   data: [ 1.6527179674532304e+03, 0., 8.3391615056240812e+02, 0.,
       1.6455573541260651e+03, 6.0202365415428721e+02, 0., 0., 1. ]
D: !!opencv-matrix
   rows: 1
   cols: 5
   dt: d
   data: [ 3.3765174704336459e-01, -2.7751781144854468e+00,
       1.0630581088764226e-03, -2.7146456918294439e-03,
       5.1619305579823660e+00 ]
